# Angular Correlation W(0) for distance_10.5
# beta_index  eff_1.17     err_1.17     eff_1.33     err_1.33
Final result : W(0) = 1.0556 ± 8.10827e-06
0.000000          0.103647    0.000787    0.091747    0.000745
0.007893          0.104033    0.000788    0.091887    0.000746
0.015787          0.102453    0.000783    0.092567    0.000748
0.023680          0.104113    0.000789    0.090767    0.000742
0.031574          0.103280    0.000786    0.090140    0.000739
0.039467          0.103600    0.000787    0.091907    0.000746
0.047361          0.102927    0.000785    0.091793    0.000746
0.055254          0.102420    0.000783    0.091373    0.000744
0.063148          0.103380    0.000786    0.091880    0.000746
0.071041          0.103660    0.000787    0.092247    0.000747
0.078934          0.103547    0.000787    0.092567    0.000748
0.086828          0.124440    0.000852    0.109780    0.000807
0.094721          0.166673    0.000962    0.148760    0.000919
0.102615          0.198707    0.001030    0.180107    0.000992
0.110508          0.209113    0.001050    0.185733    0.001004
0.118402          0.206640    0.001045    0.188807    0.001010
0.126295          0.209813    0.001051    0.191313    0.001016
0.134189          0.210067    0.001052    0.188907    0.001011
0.142082          0.209007    0.001050    0.189880    0.001013
0.149976          0.210753    0.001053    0.192133    0.001017
0.157869          0.210793    0.001053    0.189860    0.001013
0.165762          0.208640    0.001049    0.190493    0.001014
0.173656          0.210427    0.001052    0.189620    0.001012
0.181549          0.210533    0.001053    0.189973    0.001013
0.189443          0.207880    0.001048    0.189520    0.001012
0.197336          0.209373    0.001051    0.188873    0.001011
0.205230          0.210787    0.001053    0.188807    0.001010
0.213123          0.207993    0.001048    0.188780    0.001010
0.221017          0.206913    0.001046    0.189747    0.001012
0.228910          0.209633    0.001051    0.188700    0.001010
0.236803          0.206140    0.001044    0.186533    0.001006
0.244697          0.204507    0.001041    0.186073    0.001005
0.252590          0.204653    0.001042    0.186493    0.001006
0.260484          0.204073    0.001041    0.186320    0.001005
0.268377          0.203693    0.001040    0.183127    0.000999
0.276271          0.203733    0.001040    0.183060    0.000998
0.284164          0.200553    0.001034    0.182520    0.000997
0.292058          0.198627    0.001030    0.182767    0.000998
0.299951          0.198867    0.001031    0.180073    0.000992
0.307845          0.196720    0.001026    0.179027    0.000990
0.315738          0.195620    0.001024    0.180727    0.000994
0.323631          0.195753    0.001024    0.175493    0.000982
0.331525          0.194127    0.001021    0.175273    0.000982
0.339418          0.194567    0.001022    0.174627    0.000980
0.347312          0.192513    0.001018    0.172240    0.000975
0.355205          0.189460    0.001012    0.173467    0.000978
0.363099          0.188480    0.001010    0.171980    0.000974
0.370992          0.187667    0.001008    0.169653    0.000969
0.378886          0.186227    0.001005    0.168327    0.000966
0.386779          0.184280    0.001001    0.166193    0.000961
0.394672          0.183320    0.000999    0.164860    0.000958
0.402566          0.181280    0.000995    0.163053    0.000954
0.410459          0.178193    0.000988    0.162400    0.000952
0.418353          0.175707    0.000983    0.159693    0.000946
0.426246          0.174633    0.000980    0.158487    0.000943
0.434140          0.174220    0.000979    0.158807    0.000944
0.442033          0.171260    0.000973    0.154647    0.000934
0.449927          0.171387    0.000973    0.153407    0.000930
0.457820          0.166067    0.000961    0.151647    0.000926
0.465713          0.164393    0.000957    0.147927    0.000917
0.473607          0.162820    0.000953    0.145960    0.000912
0.481500          0.161133    0.000949    0.143980    0.000906
0.489394          0.157260    0.000940    0.142100    0.000902
0.497287          0.154420    0.000933    0.139927    0.000896
0.505181          0.153527    0.000931    0.137087    0.000888
0.513074          0.151673    0.000926    0.136867    0.000887
0.520968          0.146560    0.000913    0.131420    0.000872
0.528861          0.142973    0.000904    0.127240    0.000860
0.536755          0.136693    0.000887    0.124140    0.000851
0.544648          0.133440    0.000878    0.120113    0.000839
0.552541          0.127493    0.000861    0.116027    0.000827
0.560435          0.121907    0.000845    0.110347    0.000809
0.568328          0.119087    0.000836    0.105933    0.000795
0.576222          0.112913    0.000817    0.101327    0.000779
0.584115          0.108533    0.000803    0.096540    0.000763
0.592009          0.101333    0.000779    0.091447    0.000744
0.599902          0.097507    0.000766    0.087047    0.000728
0.607796          0.090927    0.000742    0.081407    0.000706
0.615689          0.088013    0.000732    0.077173    0.000689
0.623582          0.081433    0.000706    0.071687    0.000666
0.631476          0.077327    0.000690    0.066807    0.000645
0.639369          0.070087    0.000659    0.061460    0.000620
0.647263          0.065360    0.000638    0.056680    0.000597
0.655156          0.059653    0.000612    0.052720    0.000577
0.663050          0.053747    0.000582    0.048707    0.000556
0.670943          0.049680    0.000561    0.043360    0.000526
0.678837          0.044393    0.000532    0.038660    0.000498
0.686730          0.039847    0.000505    0.033673    0.000466
0.694624          0.035280    0.000476    0.030287    0.000442
0.702517          0.029373    0.000436    0.025813    0.000409
0.710410          0.025480    0.000407    0.022167    0.000380
0.718304          0.021727    0.000376    0.018220    0.000345
0.726197          0.016773    0.000332    0.014780    0.000312
0.734091          0.013093    0.000294    0.011013    0.000269
0.741984          0.010120    0.000258    0.007967    0.000230
0.749878          0.006673    0.000210    0.004993    0.000182
0.757771          0.003667    0.000156    0.003160    0.000145
0.765665          0.001380    0.000096    0.000773    0.000072
0.773558          0.000000    0.000000    0.000007    0.000007
0.781451          0.000000    0.000000    0.000000    0.000000
0.789345          0.000000    0.000000    0.000000    0.000000
0.797238          0.000000    0.000000    0.000000    0.000000
0.805132          0.000000    0.000000    0.000000    0.000000
0.813025          0.000000    0.000000    0.000000    0.000000
0.820919          0.000000    0.000000    0.000000    0.000000
0.828812          0.000000    0.000000    0.000000    0.000000
0.836706          0.000000    0.000000    0.000000    0.000000
0.844599          0.000000    0.000000    0.000000    0.000000
0.852492          0.000000    0.000000    0.000000    0.000000
0.860386          0.000000    0.000000    0.000000    0.000000
0.868279          0.000000    0.000000    0.000000    0.000000
0.876173          0.000000    0.000000    0.000000    0.000000
0.884066          0.000000    0.000000    0.000000    0.000000
0.891960          0.000000    0.000000    0.000000    0.000000
0.899853          0.000000    0.000000    0.000000    0.000000
0.907747          0.000000    0.000000    0.000000    0.000000
0.915640          0.000000    0.000000    0.000000    0.000000
0.923534          0.000000    0.000000    0.000000    0.000000
0.931427          0.000000    0.000000    0.000000    0.000000
0.939320          0.000000    0.000000    0.000000    0.000000
0.947214          0.000000    0.000000    0.000000    0.000000
0.955107          0.000000    0.000000    0.000000    0.000000
0.963001          0.000000    0.000000    0.000000    0.000000
0.970894          0.000000    0.000000    0.000000    0.000000
0.978788          0.000000    0.000000    0.000000    0.000000
0.986681          0.000000    0.000000    0.000000    0.000000
0.994575          0.000000    0.000000    0.000000    0.000000
1.002468          0.000000    0.000000    0.000000    0.000000
1.010361          0.000000    0.000000    0.000000    0.000000
1.018255          0.000000    0.000000    0.000000    0.000000
1.026148          0.000000    0.000000    0.000000    0.000000
1.034042          0.000000    0.000000    0.000000    0.000000
1.041935          0.000000    0.000000    0.000000    0.000000
1.049829          0.000000    0.000000    0.000000    0.000000
1.057722          0.000000    0.000000    0.000000    0.000000
1.065616          0.000000    0.000000    0.000000    0.000000
1.073509          0.000000    0.000000    0.000000    0.000000
1.081402          0.000000    0.000000    0.000000    0.000000
1.089296          0.000000    0.000000    0.000000    0.000000
1.097189          0.000000    0.000000    0.000000    0.000000
1.105083          0.000000    0.000000    0.000000    0.000000
1.112976          0.000000    0.000000    0.000000    0.000000
1.120870          0.000000    0.000000    0.000000    0.000000
1.128763          0.000000    0.000000    0.000000    0.000000
1.136657          0.000000    0.000000    0.000000    0.000000
1.144550          0.000000    0.000000    0.000000    0.000000
1.152444          0.000000    0.000000    0.000000    0.000000
1.160337          0.000000    0.000000    0.000000    0.000000
1.168230          0.000000    0.000000    0.000000    0.000000
1.176124          0.000000    0.000000    0.000000    0.000000
1.184017          0.000000    0.000000    0.000000    0.000000
1.191911          0.000000    0.000000    0.000000    0.000000
1.199804          0.000000    0.000000    0.000000    0.000000
1.207698          0.000000    0.000000    0.000000    0.000000
1.215591          0.000000    0.000000    0.000000    0.000000
1.223485          0.000000    0.000000    0.000000    0.000000
1.231378          0.000000    0.000000    0.000000    0.000000
1.239271          0.000000    0.000000    0.000000    0.000000
1.247165          0.000000    0.000000    0.000000    0.000000
1.255058          0.000000    0.000000    0.000000    0.000000
1.262952          0.000000    0.000000    0.000000    0.000000
1.270845          0.000000    0.000000    0.000000    0.000000
1.278739          0.000000    0.000000    0.000000    0.000000
1.286632          0.000000    0.000000    0.000000    0.000000
1.294526          0.000000    0.000000    0.000000    0.000000
1.302419          0.000000    0.000000    0.000000    0.000000
1.310313          0.000000    0.000000    0.000000    0.000000
1.318206          0.000000    0.000000    0.000000    0.000000
1.326099          0.000000    0.000000    0.000000    0.000000
1.333993          0.000000    0.000000    0.000000    0.000000
1.341886          0.000000    0.000000    0.000000    0.000000
1.349780          0.000000    0.000000    0.000000    0.000000
1.357673          0.000000    0.000000    0.000000    0.000000
1.365567          0.000000    0.000000    0.000000    0.000000
1.373460          0.000000    0.000000    0.000000    0.000000
1.381354          0.000000    0.000000    0.000000    0.000000
1.389247          0.000000    0.000000    0.000000    0.000000
1.397140          0.000000    0.000000    0.000000    0.000000
1.405034          0.000000    0.000000    0.000000    0.000000
1.412927          0.000000    0.000000    0.000000    0.000000
1.420821          0.000000    0.000000    0.000000    0.000000
1.428714          0.000000    0.000000    0.000000    0.000000
1.436608          0.000000    0.000000    0.000000    0.000000
1.444501          0.000000    0.000000    0.000000    0.000000
1.452395          0.000000    0.000000    0.000000    0.000000
1.460288          0.000000    0.000000    0.000000    0.000000
1.468181          0.000000    0.000000    0.000000    0.000000
1.476075          0.000000    0.000000    0.000000    0.000000
1.483968          0.000000    0.000000    0.000000    0.000000
1.491862          0.000000    0.000000    0.000000    0.000000
1.499755          0.000000    0.000000    0.000000    0.000000
1.507649          0.000000    0.000000    0.000000    0.000000
1.515542          0.000000    0.000000    0.000000    0.000000
1.523436          0.000000    0.000000    0.000000    0.000000
1.531329          0.000000    0.000000    0.000000    0.000000
1.539223          0.000000    0.000000    0.000000    0.000000
1.547116          0.000000    0.000000    0.000000    0.000000
1.555009          0.000000    0.000000    0.000000    0.000000
1.562903          0.000000    0.000000    0.000000    0.000000
1.570796          0.000000    0.000000    0.000000    0.000000
